  -6.0713658e+00
   8.2247944e+00
   7.7543397e+00
   3.9062188e+00
  -1.9338301e+00
   7.2420783e+00
   1.5924120e+00
   4.7359653e+00
  -5.9628820e-01
   4.4452968e+00
   2.6094952e+00
   3.3226717e+00
   1.0474144e+01
   1.5342467e+00
   5.9514718e+00
   6.0095768e+00
   2.6008284e+00
  -4.5578861e+00
   1.0368612e+01
   8.8451147e+00
   2.4809947e+00
   1.8049792e+00
   3.8747215e+00
   3.3798933e+00
   9.6429558e+00
  -2.1124723e+00
   2.9293412e-01
  -2.4381633e+00
  -7.9684119e+00
   1.2310297e+01
  -2.4819312e+00
   6.2300506e+00
   8.6064405e+00
  -1.4252263e+00
  -4.0552158e+00
   3.6353927e+00
   9.9205571e-01
   9.2262506e-01
   4.3408527e+00
   2.1661158e+00
   1.2131341e+00
   7.6333842e+00
  -2.5420234e+00
   2.3926034e+00
   1.1586958e-01
  -7.8997588e-01
   2.6377013e+00
   6.1466545e-01
   4.3146486e+00
  -1.9040877e-01
   1.1546944e+00
   5.8353138e+00
   1.8497998e+00
   2.8003862e+00
   7.0216465e+00
  -1.3119302e+00
   8.8657942e+00
   2.7474785e+00
   1.1938568e+01
   7.7924638e+00
   6.6197505e+00
  -1.1590253e+01
   1.0856352e+01
   1.4189034e+01
   3.5489712e+00
   1.0539290e+01
   6.9515905e+00
  -1.2182574e+00
   6.4868450e+00
   7.4099140e+00
  -1.7708565e+00
   8.3387375e+00
   1.3444126e+00
   7.7411265e+00
  -2.4142158e-01
   1.4875917e+01
   6.2777572e+00
   1.0251816e+01
  -4.9740005e+00
   3.7547295e+00
   1.3286466e+01
   1.1588965e+01
   6.3077831e+00
   5.5323300e+00
   5.0903749e+00
   7.1057730e+00
   3.1513972e+00
   5.9332943e-01
   4.1713219e+00
   2.0179708e+00
   3.7073133e+00
   5.5905539e-01
   1.0306030e+01
   7.3468714e+00
   1.0345140e+01
  -7.5074315e+00
   7.2145329e+00
   1.0800920e+01
   2.7320633e+00
   1.1080679e+01
   5.4099331e+00
   1.7218394e+00
   2.9610739e+00
  -3.0257556e+00
   3.4457510e+00
   5.6756501e+00
   2.8665767e+00
  -2.5089412e+00
   4.1141500e+00
  -1.1966311e+00
  -5.5465899e+00
  -1.7962683e+00
  -1.3784955e+00
   2.0415068e+00
   2.4235511e+00
  -7.4267626e-01
   6.0900939e-01
  -1.0282531e+00
  -5.4693432e+00
   6.3286686e+00
   2.9430509e+00
   2.8783460e+00
   7.7687759e+00
   9.9465914e+00
   6.4226842e-01
   7.0400476e+00
  -1.7376875e+00
  -4.1365581e+00
   2.9777348e+00
   2.0006914e+00
   2.3244217e-02
   4.5095668e+00
  -1.8388885e+00
   2.9012730e+00
   3.4100962e+00
  -6.1423397e-01
   9.8423691e+00
   1.8680984e+01
   1.0629244e+01
   1.6824074e+01
   4.6323729e+00
   4.7947283e+00
   9.8967772e+00
   1.0094576e+00
  -2.1692095e+00
   1.2636009e+01
   6.8439591e-01
   5.8202024e+00
   5.5822725e+00
   7.8116784e+00
  -1.7344502e+00
   4.2444696e+00
   4.5626903e+00
