  -6.6935329e+00
   1.1446898e+01
   1.0128099e+01
   2.0344837e+00
  -2.1565816e+00
   6.5771165e+00
   3.4684530e-01
   2.1020806e+00
  -2.2965066e-01
  -1.9942887e+00
   3.5816257e+00
   1.5862485e+00
   9.1723824e+00
   9.8029429e-01
   8.9819479e+00
   3.7416847e+00
   2.9497452e+00
  -2.1935554e+00
   1.4518256e+01
   1.4902856e+01
   4.0946460e+00
   2.8691423e+00
   5.7357607e+00
   2.6753011e+00
   3.8002434e+00
  -1.8073549e+00
  -2.2779586e+00
  -6.5275030e+00
  -8.9810028e+00
   1.3786378e+01
  -2.1819494e+00
   6.8030725e+00
   7.7335553e+00
  -2.7819033e+00
  -2.4293294e+00
   6.1744175e+00
   2.6873741e+00
   8.0929942e-02
   4.8757253e+00
   3.5623963e+00
  -1.6295390e+00
   5.4335489e+00
  -1.6282220e+00
   1.0745371e-01
   7.3663580e-01
  -5.4779043e+00
   2.3467553e+00
  -2.4967375e+00
   3.6163676e+00
  -2.8164320e+00
   2.1608005e+00
   7.1105194e+00
  -2.0332751e+00
   3.1029978e+00
   4.7516394e+00
   1.8455024e+00
   9.7476549e+00
   3.2480514e-01
   1.4501070e+01
   1.0251560e+01
   7.2601666e+00
  -1.1892236e+01
   8.9847298e+00
   7.8535318e+00
   3.0343616e+00
   5.7517109e+00
   4.4965959e+00
  -3.1527722e-01
   7.9996533e+00
   5.6355128e+00
  -8.4579736e-01
   7.0295382e+00
   1.8358920e+00
   5.8684301e+00
  -2.0077090e+00
   2.0674809e+01
   8.0508175e+00
   1.2230349e+01
  -2.9235067e+00
   7.7400546e+00
   1.0738361e+01
   7.8276701e+00
   8.8483486e+00
   2.4392602e+00
   8.2933388e+00
   8.6244793e+00
   2.3777851e-01
   3.6919041e+00
   6.5976720e+00
   6.5248103e+00
   3.7622235e+00
   2.0235732e+00
   1.1898019e+01
   6.7074304e+00
   9.7961035e+00
  -9.1988773e+00
   9.0714016e+00
   8.0653419e+00
   3.2466288e+00
   1.1470016e+01
   2.0261779e+00
   2.0595403e+00
   4.6729856e+00
  -4.2120943e+00
   3.3793454e+00
   8.3287678e+00
   2.0672061e+00
   5.6661493e-01
   2.6474771e+00
  -1.6622410e+00
  -4.1925921e+00
  -2.3230345e+00
  -4.0181022e+00
   2.5115311e+00
   4.1068869e+00
   1.1646776e+00
   2.0510323e+00
   3.0479510e+00
  -5.0373030e+00
   7.2368360e+00
   2.9190516e-01
   2.8135092e+00
   1.2068789e+01
   1.0657870e+01
   1.5415866e+00
   5.1133900e+00
  -3.3384180e+00
  -4.3660955e+00
   3.4912179e+00
  -3.6825156e-01
   1.1625847e+00
   9.8800582e-01
  -2.9017425e+00
   3.6430526e+00
   4.0474644e+00
  -2.7380886e+00
   1.1459502e+01
   1.5778347e+01
   1.0305969e+01
   2.7470018e+01
   4.4279823e+00
   8.5607290e+00
   7.9216957e+00
   3.9073198e+00
   8.5062218e-01
   1.0073932e+01
   1.6135461e+00
   6.8783855e+00
   9.5606356e+00
   1.1461759e+01
  -5.0026917e+00
   5.7213187e+00
   2.3278773e+00
